{
    "camera_angle_x": 0.3947911262512207,
    "frames": [
        {
            "file_path": "images/synthetic-grooms-long-1",
            "rotation": 0,
            "transform_matrix": [
                [
                    -0.8560488224029541,
                    0.011848979629576206,
                    -0.5167592763900757,
                    -6.146147727966309
                ],
                [
                    -9.31322685637781e-10,
                    0.9997372627258301,
                    0.02292337268590927,
                    15.28115463256836
                ],
                [
                    0.5168951749801636,
                    0.0196235254406929,
                    -0.8558236956596375,
                    -9.718658447265625
                ],
                [
                    0.0,
                    0.0,
                    0.0,
                    1.0
                ]
            ]
        },
        {
            "file_path": "images/synthetic-grooms-long-2",
            "rotation": 0,
            "transform_matrix": [
                [
                    -0.7939807176589966,
                    0.019936485216021538,
                    -0.6076160073280334,
                    -7.218826770782471
                ],
                [
                    -1.862645371275562e-09,
                    0.9994621276855469,
                    0.03279334679245949,
                    15.398233413696289
                ],
                [
                    0.607943058013916,
                    0.02603728510439396,
                    -0.7935535907745361,
                    -8.963398933410645
                ],
                [
                    0.0,
                    0.0,
                    0.0,
                    1.0
                ]
            ]
        },
        {
            "file_path": "images/synthetic-grooms-long-3",
            "rotation": 0,
            "transform_matrix": [
                [
                    -0.7222064137458801,
                    0.029719635844230652,
                    -0.6910387873649597,
                    -8.203142166137695
                ],
                [
                    0.0,
                    0.9990764260292053,
                    0.04296746850013733,
                    15.51878547668457
                ],
                [
                    0.6916775703430176,
                    0.031031379476189613,
                    -0.7215393781661987,
                    -8.097536087036133
                ],
                [
                    0.0,
                    0.0,
                    0.0,
                    1.0
                ]
            ]
        },
        {
            "file_path": "images/synthetic-grooms-long-4",
            "rotation": 0,
            "transform_matrix": [
                [
                    -0.6415170431137085,
                    0.040894635021686554,
                    -0.7660179138183594,
                    -9.07791519165039
                ],
                [
                    -3.725290742551124e-09,
                    0.9985779523849487,
                    0.0533100888133049,
                    15.640586853027344
                ],
                [
                    0.7671087980270386,
                    0.03419933468103409,
                    -0.6406047940254211,
                    -7.121462821960449
                ],
                [
                    0.0,
                    0.0,
                    0.0,
                    1.0
                ]
            ]
        },
        {
            "file_path": "images/synthetic-grooms-long-5",
            "rotation": 0,
            "transform_matrix": [
                [
                    -0.5527461171150208,
                    0.05311259999871254,
                    -0.8316555023193359,
                    -9.804441452026367
                ],
                [
                    -1.862645371275562e-09,
                    0.9979668855667114,
                    0.06373387575149536,
                    15.760269165039062
                ],
                [
                    0.8333498239517212,
                    0.03522864729166031,
                    -0.5516223311424255,
                    -6.030792236328125
                ],
                [
                    0.0,
                    0.0,
                    0.0,
                    1.0
                ]
            ]
        },
        {
            "file_path": "images/synthetic-grooms-long-6",
            "rotation": 0,
            "transform_matrix": [
                [
                    -0.4566054344177246,
                    0.0658680722117424,
                    -0.8872276544570923,
                    -10.365535736083984
                ],
                [
                    0.0,
                    0.9972555637359619,
                    0.07403657585382462,
                    15.873963356018066
                ],
                [
                    0.8896692395210266,
                    0.03380550444126129,
                    -0.4553523063659668,
                    -4.845757484436035
                ],
                [
                    0.0,
                    0.0,
                    0.0,
                    1.0
                ]
            ]
        },
        {
            "file_path": "images/synthetic-grooms-long-7",
            "rotation": 0,
            "transform_matrix": [
                [
                    -0.35376667976379395,
                    0.078532874584198,
                    -0.9320309162139893,
                    -10.765685081481934
                ],
                [
                    1.862645149230957e-09,
                    0.9964689612388611,
                    0.08396240323781967,
                    15.978901863098145
                ],
                [
                    0.9353337287902832,
                    0.029703103005886078,
                    -0.3525174856185913,
                    -3.596052646636963
                ],
                [
                    0.0,
                    0.0,
                    0.0,
                    1.0
                ]
            ]
        },
        {
            "file_path": "images/synthetic-grooms-long-8",
            "rotation": 0,
            "transform_matrix": [
                [
                    -0.24527186155319214,
                    0.09046337008476257,
                    -0.9652243852615356,
                    -10.976119041442871
                ],
                [
                    1.862645149230957e-09,
                    0.9956367611885071,
                    0.09331369400024414,
                    16.070274353027344
                ],
                [
                    0.9694543480873108,
                    0.022887222468852997,
                    -0.2442016750574112,
                    -2.299628973007202
                ],
                [
                    0.0,
                    0.0,
                    0.0,
                    1.0
                ]
            ]
        },
        {
            "file_path": "images/synthetic-grooms-long-9",
            "rotation": 0,
            "transform_matrix": [
                [
                    -0.13165442645549774,
                    0.10091782361268997,
                    -0.9861453175544739,
                    -11.034608840942383
                ],
                [
                    -9.31322685637781e-10,
                    0.9948045015335083,
                    0.10180395096540451,
                    16.148380279541016
                ],
                [
                    0.9912957549095154,
                    0.013402942568063736,
                    -0.13097040355205536,
                    -0.9867159128189087
                ],
                [
                    0.0,
                    0.0,
                    0.0,
                    1.0
                ]
            ]
        },
        {
            "file_path": "images/synthetic-grooms-long-10",
            "rotation": 0,
            "transform_matrix": [
                [
                    -0.014048153534531593,
                    0.10915996134281158,
                    -0.9939249157905579,
                    -10.957712173461914
                ],
                [
                    1.1641533570472262e-10,
                    0.9940230250358582,
                    0.10917073488235474,
                    16.2128849029541
                ],
                [
                    0.9999014139175415,
                    0.0015336469514295459,
                    -0.013964185491204262,
                    0.32629430294036865
                ],
                [
                    0.0,
                    0.0,
                    0.0,
                    1.0
                ]
            ]
        },
        {
            "file_path": "images/synthetic-grooms-long-11",
            "rotation": 0,
            "transform_matrix": [
                [
                    0.10590419173240662,
                    0.11436387151479721,
                    -0.9877778887748718,
                    -10.75855541229248
                ],
                [
                    0.0,
                    0.9933643341064453,
                    0.11501064151525497,
                    16.26205062866211
                ],
                [
                    0.9943763017654419,
                    -0.01218011137098074,
                    0.10520144551992416,
                    1.6275365352630615
                ],
                [
                    0.0,
                    0.0,
                    0.0,
                    1.0
                ]
            ]
        },
        {
            "file_path": "images/synthetic-grooms-long-12",
            "rotation": 0,
            "transform_matrix": [
                [
                    0.22598797082901,
                    0.11591588705778122,
                    -0.9672088027000427,
                    -10.436973571777344
                ],
                [
                    0.0,
                    0.9928948283195496,
                    0.11899426579475403,
                    16.29351806640625
                ],
                [
                    0.9741302132606506,
                    -0.02689126878976822,
                    0.22438228130340576,
                    2.9045166969299316
                ],
                [
                    0.0,
                    0.0,
                    0.0,
                    1.0
                ]
            ]
        },
        {
            "file_path": "images/synthetic-grooms-long-13",
            "rotation": 0,
            "transform_matrix": [
                [
                    0.3438585102558136,
                    0.11376829445362091,
                    -0.9321041703224182,
                    -9.977522850036621
                ],
                [
                    0.0,
                    0.9926334619522095,
                    0.12115620821714401,
                    16.30644989013672
                ],
                [
                    0.9390215277671814,
                    -0.04166059568524361,
                    0.34132546186447144,
                    4.1385369300842285
                ],
                [
                    0.0,
                    0.0,
                    0.0,
                    1.0
                ]
            ]
        },
        {
            "file_path": "images/synthetic-grooms-long-14",
            "rotation": 0,
            "transform_matrix": [
                [
                    0.4573984146118164,
                    0.108192577958107,
                    -0.882655680179596,
                    -9.381735801696777
                ],
                [
                    -3.725290742551124e-09,
                    0.9925711154937744,
                    0.1216655895113945,
                    16.30283546447754
                ],
                [
                    0.8892619609832764,
                    -0.05564964562654495,
                    0.45400044322013855,
                    5.312260627746582
                ],
                [
                    0.0,
                    0.0,
                    0.0,
                    1.0
                ]
            ]
        },
        {
            "file_path": "images/synthetic-grooms-long-15",
            "rotation": 0,
            "transform_matrix": [
                [
                    0.564612090587616,
                    0.09965350478887558,
                    -0.8193182349205017,
                    -8.650063514709473
                ],
                [
                    -7.450581485102248e-09,
                    0.9926841259002686,
                    0.12073995918035507,
                    16.28449821472168
                ],
                [
                    0.8253564834594727,
                    -0.06817123293876648,
                    0.5604814291000366,
                    6.406126499176025
                ],
                [
                    0.0,
                    0.0,
                    0.0,
                    1.0
                ]
            ]
        },
        {
            "file_path": "images/synthetic-grooms-long-16",
            "rotation": 0,
            "transform_matrix": [
                [
                    0.6636569499969482,
                    0.088742695748806,
                    -0.7427545189857483,
                    -7.789585590362549
                ],
                [
                    3.725290298461914e-09,
                    0.9929380416870117,
                    0.11863410472869873,
                    16.254087448120117
                ],
                [
                    0.7480370998382568,
                    -0.07873233407735825,
                    0.6589702367782593,
                    7.402151107788086
                ],
                [
                    0.0,
                    0.0,
                    0.0,
                    1.0
                ]
            ]
        },
        {
            "file_path": "images/synthetic-grooms-long-17",
            "rotation": 0,
            "transform_matrix": [
                [
                    0.7527442574501038,
                    0.07621269673109055,
                    -0.6538866758346558,
                    -6.800653457641602
                ],
                [
                    3.725290298461914e-09,
                    0.993276059627533,
                    0.11576969921588898,
                    16.21417808532715
                ],
                [
                    0.6583130955696106,
                    -0.08714496344327927,
                    0.7476828694343567,
                    8.27054214477539
                ],
                [
                    0.0,
                    0.0,
                    0.0,
                    1.0
                ]
            ]
        },
        {
            "file_path": "images/synthetic-grooms-long-18",
            "rotation": 0,
            "transform_matrix": [
                [
                    0.8303298950195312,
                    0.06257925927639008,
                    -0.5537474155426025,
                    -5.716612815856934
                ],
                [
                    0.0,
                    0.9936748147010803,
                    0.11229567974805832,
                    16.16973114013672
                ],
                [
                    0.5572722554206848,
                    -0.09324244409799576,
                    0.8250778913497925,
                    9.0162992477417
                ],
                [
                    0.0,
                    0.0,
                    0.0,
                    1.0
                ]
            ]
        },
        {
            "file_path": "images/synthetic-grooms-long-19",
            "rotation": 0,
            "transform_matrix": [
                [
                    0.8947932720184326,
                    0.04838360473513603,
                    -0.4438515305519104,
                    -4.559755325317383
                ],
                [
                    0.0,
                    0.9941110014915466,
                    0.10836658626794815,
                    16.124217987060547
                ],
                [
                    0.4464809000492096,
                    -0.09696567803621292,
                    0.8895237445831299,
                    9.643095970153809
                ],
                [
                    0.0,
                    0.0,
                    0.0,
                    1.0
                ]
            ]
        },
        {
            "file_path": "images/synthetic-grooms-long-20",
            "rotation": 0,
            "transform_matrix": [
                [
                    0.9446601867675781,
                    0.034160491079092026,
                    -0.3262673616409302,
                    -3.347912549972534
                ],
                [
                    0.0,
                    0.9945634603500366,
                    0.10413172096014023,
                    16.08038902282715
                ],
                [
                    0.328050822019577,
                    -0.0983690693974495,
                    0.9395244717597961,
                    10.156269073486328
                ],
                [
                    0.0,
                    0.0,
                    0.0,
                    1.0
                ]
            ]
        },
        {
            "file_path": "images/synthetic-grooms-long-21",
            "rotation": 0,
            "transform_matrix": [
                [
                    0.9788331389427185,
                    0.020382972434163094,
                    -0.20364268124103546,
                    -2.095707893371582
                ],
                [
                    0.0,
                    0.9950280785560608,
                    0.09959422796964645,
                    16.038875579833984
                ],
                [
                    0.20466022193431854,
                    -0.09748610854148865,
                    0.9739665389060974,
                    10.561991691589355
                ],
                [
                    0.0,
                    0.0,
                    0.0,
                    1.0
                ]
            ]
        },
        {
            "file_path": "images/synthetic-grooms-long-22",
            "rotation": 0,
            "transform_matrix": [
                [
                    0.9968732595443726,
                    0.007494078017771244,
                    -0.07866190373897552,
                    -0.8088427782058716
                ],
                [
                    -4.656612873077393e-10,
                    0.9954925775527954,
                    0.09484004229307175,
                    15.997883796691895
                ],
                [
                    0.07901807874441147,
                    -0.09454350173473358,
                    0.9923798441886902,
                    10.838590621948242
                ],
                [
                    0.0,
                    0.0,
                    0.0,
                    1.0
                ]
            ]
        },
        {
            "file_path": "images/synthetic-grooms-long-23",
            "rotation": 0,
            "transform_matrix": [
                [
                    0.9989061951637268,
                    -0.004211926832795143,
                    0.04656891152262688,
                    0.5023209452629089
                ],
                [
                    -4.656612873077393e-10,
                    0.995934784412384,
                    0.09007734805345535,
                    15.955987930297852
                ],
                [
                    -0.046758998185396194,
                    -0.08997882902622223,
                    0.9948453903198242,
                    10.950645446777344
                ],
                [
                    0.0,
                    0.0,
                    0.0,
                    1.0
                ]
            ]
        },
        {
            "file_path": "images/synthetic-grooms-long-24",
            "rotation": 0,
            "transform_matrix": [
                [
                    0.985335111618042,
                    -0.014537601731717587,
                    0.17001035809516907,
                    1.8168848752975464
                ],
                [
                    0.0,
                    0.9963639974594116,
                    0.08519917726516724,
                    15.912368774414062
                ],
                [
                    -0.1706307828426361,
                    -0.0839497372508049,
                    0.981752336025238,
                    10.90181827545166
                ],
                [
                    0.0,
                    0.0,
                    0.0,
                    1.0
                ]
            ]
        },
        {
            "file_path": "images/synthetic-grooms-long-25",
            "rotation": 0,
            "transform_matrix": [
                [
                    0.9567480087280273,
                    -0.02334410697221756,
                    0.28998008370399475,
                    3.1131510734558105
                ],
                [
                    0.0,
                    0.9967753887176514,
                    0.08024285733699799,
                    15.866059303283691
                ],
                [
                    -0.2909182012081146,
                    -0.07677219063043594,
                    0.9536627531051636,
                    10.678545951843262
                ],
                [
                    0.0,
                    0.0,
                    0.0,
                    1.0
                ]
            ]
        },
        {
            "file_path": "images/synthetic-grooms-long-26",
            "rotation": 0,
            "transform_matrix": [
                [
                    0.91377854347229,
                    -0.030557043850421906,
                    0.40506190061569214,
                    4.362104892730713
                ],
                [
                    0.0,
                    0.9971666932106018,
                    0.07522421330213547,
                    15.815792083740234
                ],
                [
                    -0.40621286630630493,
                    -0.06873827427625656,
                    0.9111894369125366,
                    10.265539169311523
                ],
                [
                    0.0,
                    0.0,
                    0.0,
                    1.0
                ]
            ]
        },
        {
            "file_path": "images/synthetic-grooms-long-27",
            "rotation": 0,
            "transform_matrix": [
                [
                    0.8572832942008972,
                    -0.0359688401222229,
                    0.5135871171951294,
                    5.551659107208252
                ],
                [
                    0.0,
                    0.9975565075874329,
                    0.06986341625452042,
                    15.761504173278809
                ],
                [
                    -0.5148451328277588,
                    -0.05989273637533188,
                    0.8551884889602661,
                    9.704315185546875
                ],
                [
                    0.0,
                    0.0,
                    0.0,
                    1.0
                ]
            ]
        },
        {
            "file_path": "images/synthetic-grooms-long-28",
            "rotation": 0,
            "transform_matrix": [
                [
                    0.7883263826370239,
                    -0.03942505642771721,
                    0.6139928698539734,
                    6.668185234069824
                ],
                [
                    1.862645149230957e-09,
                    0.9979448914527893,
                    0.06407897174358368,
                    15.702617645263672
                ],
                [
                    -0.6152573823928833,
                    -0.05051513761281967,
                    0.7867062091827393,
                    9.008689880371094
                ],
                [
                    0.0,
                    0.0,
                    0.0,
                    1.0
                ]
            ]
        },
        {
            "file_path": "images/synthetic-grooms-long-29",
            "rotation": 0,
            "transform_matrix": [
                [
                    0.7082287669181824,
                    -0.040804728865623474,
                    0.7048028707504272,
                    7.700521469116211
                ],
                [
                    -1.862645149230957e-09,
                    0.9983282685279846,
                    0.05779846012592316,
                    15.638463020324707
                ],
                [
                    -0.70598304271698,
                    -0.040934525430202484,
                    0.707044780254364,
                    8.19318675994873
                ],
                [
                    0.0,
                    0.0,
                    0.0,
                    1.0
                ]
            ]
        },
        {
            "file_path": "images/synthetic-grooms-long-30",
            "rotation": 0,
            "transform_matrix": [
                [
                    0.6188381910324097,
                    -0.04000651091337204,
                    0.7844991683959961,
                    8.658259391784668
                ],
                [
                    0.0,
                    0.9987022280693054,
                    0.050930071622133255,
                    15.569276809692383
                ],
                [
                    -0.7855184674263,
                    -0.03151746839284897,
                    0.618035078048706,
                    7.2918500900268555
                ],
                [
                    0.0,
                    0.0,
                    0.0,
                    1.0
                ]
            ]
        },
        {
            "file_path": "images/synthetic-grooms-long-31",
            "rotation": 0,
            "transform_matrix": [
                [
                    0.5221531987190247,
                    -0.03713562339544296,
                    0.8520427942276001,
                    9.529336929321289
                ],
                [
                    0.0,
                    0.9990516304969788,
                    0.043542880564928055,
                    15.494335174560547
                ],
                [
                    -0.8528517484664917,
                    -0.02273605577647686,
                    0.5216579437255859,
                    6.307220458984375
                ],
                [
                    0.0,
                    0.0,
                    0.0,
                    1.0
                ]
            ]
        },
        {
            "file_path": "images/synthetic-grooms-long-32",
            "rotation": 0,
            "transform_matrix": [
                [
                    0.4198387563228607,
                    -0.03258710727095604,
                    0.907013475894928,
                    10.286776542663574
                ],
                [
                    0.0,
                    0.9993551969528198,
                    0.03590475022792816,
                    15.41469669342041
                ],
                [
                    -0.9075987935066223,
                    -0.015074205584824085,
                    0.4195680022239685,
                    5.233246326446533
                ],
                [
                    0.0,
                    0.0,
                    0.0,
                    1.0
                ]
            ]
        },
        {
            "file_path": "images/synthetic-grooms-long-33",
            "rotation": 0,
            "transform_matrix": [
                [
                    0.31306150555610657,
                    -0.026980800554156303,
                    0.9493495225906372,
                    10.890832901000977
                ],
                [
                    0.0,
                    0.9995964169502258,
                    0.028408830985426903,
                    15.333508491516113
                ],
                [
                    -0.9497328996658325,
                    -0.008893711492419243,
                    0.31293514370918274,
                    4.066349983215332
                ],
                [
                    0.0,
                    0.0,
                    0.0,
                    1.0
                ]
            ]
        },
        {
            "file_path": "images/synthetic-grooms-long-34",
            "rotation": 0,
            "transform_matrix": [
                [
                    0.20328547060489655,
                    -0.020885223522782326,
                    0.9788966774940491,
                    11.3451509475708
                ],
                [
                    0.0,
                    0.9997724294662476,
                    0.021330617368221283,
                    15.254920959472656
                ],
                [
                    -0.9791195392608643,
                    -0.004336204845458269,
                    0.20323920249938965,
                    2.8333702087402344
                ],
                [
                    0.0,
                    0.0,
                    0.0,
                    1.0
                ]
            ]
        },
        {
            "file_path": "images/synthetic-grooms-long-35",
            "rotation": 0,
            "transform_matrix": [
                [
                    0.09158867597579956,
                    -0.015037920325994492,
                    0.9956833720207214,
                    11.619510650634766
                ],
                [
                    0.0,
                    0.9998860359191895,
                    0.015101391822099686,
                    15.184017181396484
                ],
                [
                    -0.9957969784736633,
                    -0.0013831164687871933,
                    0.09157823026180267,
                    1.5480012893676758
                ],
                [
                    0.0,
                    0.0,
                    0.0,
                    1.0
                ]
            ]
        },
        {
            "file_path": "images/synthetic-grooms-long-36",
            "rotation": 0,
            "transform_matrix": [
                [
                    -0.02070678025484085,
                    -0.009889497421681881,
                    0.9997366666793823,
                    11.732864379882812
                ],
                [
                    1.4551915228366852e-11,
                    0.9999511241912842,
                    0.00989161804318428,
                    15.123937606811523
                ],
                [
                    -0.9997856020927429,
                    0.00020482356194406748,
                    -0.02070576511323452,
                    0.2376675009727478
                ],
                [
                    0.0,
                    0.0,
                    0.0,
                    1.0
                ]
            ]
        },
        {
            "file_path": "images/synthetic-grooms-long-37",
            "rotation": 0,
            "transform_matrix": [
                [
                    -0.13208797574043274,
                    -0.005735746119171381,
                    0.9912214279174805,
                    11.709299087524414
                ],
                [
                    0.0,
                    0.9999833106994629,
                    0.005786446388810873,
                    15.076254844665527
                ],
                [
                    -0.9912380576133728,
                    0.0007643200224265456,
                    -0.13208575546741486,
                    -1.0782859325408936
                ],
                [
                    0.0,
                    0.0,
                    0.0,
                    1.0
                ]
            ]
        },
        {
            "file_path": "images/synthetic-grooms-long-38",
            "rotation": 0,
            "transform_matrix": [
                [
                    -0.24107857048511505,
                    -0.0029788888059556484,
                    0.9705010652542114,
                    11.549293518066406
                ],
                [
                    5.820766091346741e-11,
                    0.9999953508377075,
                    0.0030694196466356516,
                    15.044459342956543
                ],
                [
                    -0.9705056548118591,
                    0.000739971233997494,
                    -0.24107742309570312,
                    -2.3854546546936035
                ],
                [
                    0.0,
                    0.0,
                    0.0,
                    1.0
                ]
            ]
        },
        {
            "file_path": "images/synthetic-grooms-long-39",
            "rotation": 0,
            "transform_matrix": [
                [
                    -0.3458912968635559,
                    -0.0012908786302432418,
                    0.9382737874984741,
                    11.287378311157227
                ],
                [
                    -2.9103830456733704e-11,
                    0.9999990463256836,
                    0.0013758003478869796,
                    15.024503707885742
                ],
                [
                    -0.9382746815681458,
                    0.0004758773429784924,
                    -0.34589096903800964,
                    -3.676131248474121
                ],
                [
                    0.0,
                    0.0,
                    0.0,
                    1.0
                ]
            ]
        },
        {
            "file_path": "images/synthetic-grooms-long-40",
            "rotation": 0,
            "transform_matrix": [
                [
                    -0.44550296664237976,
                    -0.0001574184134369716,
                    0.8952804207801819,
                    10.879538536071777
                ],
                [
                    7.275958481545164e-12,
                    1.0,
                    0.0001758313737809658,
                    15.01010513305664
                ],
                [
                    -0.8952805399894714,
                    7.833340350771323e-05,
                    -0.445502907037735,
                    -4.927305221557617
                ],
                [
                    0.0,
                    0.0,
                    0.0,
                    1.0
                ]
            ]
        },
        {
            "file_path": "images/synthetic-grooms-long-41",
            "rotation": 0,
            "transform_matrix": [
                [
                    -0.5394486784934998,
                    0.00028281519189476967,
                    0.8420184254646301,
                    10.290193557739258
                ],
                [
                    0.0,
                    1.0,
                    -0.00033587764482945204,
                    15.003870964050293
                ],
                [
                    -0.8420185446739197,
                    -0.00018118874868378043,
                    -0.539448618888855,
                    -6.1042914390563965
                ],
                [
                    0.0,
                    0.0,
                    0.0,
                    1.0
                ]
            ]
        },
        {
            "file_path": "images/synthetic-grooms-long-42",
            "rotation": 0,
            "transform_matrix": [
                [
                    -0.6270343065261841,
                    -0.0004971667076461017,
                    0.7789914608001709,
                    9.5106782913208
                ],
                [
                    0.0,
                    0.9999998211860657,
                    0.0006382182473316789,
                    15.015752792358398
                ],
                [
                    -0.7789916396141052,
                    0.00040018477011471987,
                    -0.6270341873168945,
                    -7.165195465087891
                ],
                [
                    0.0,
                    0.0,
                    0.0,
                    1.0
                ]
            ]
        },
        {
            "file_path": "images/synthetic-grooms-long-43",
            "rotation": 0,
            "transform_matrix": [
                [
                    -0.7074446678161621,
                    -0.0026436904445290565,
                    0.7067638635635376,
                    8.579188346862793
                ],
                [
                    0.0,
                    0.9999930262565613,
                    0.0037405304610729218,
                    15.053311347961426
                ],
                [
                    -0.706768810749054,
                    0.0026462185196578503,
                    -0.7074397206306458,
                    -8.094757080078125
                ],
                [
                    0.0,
                    0.0,
                    0.0,
                    1.0
                ]
            ]
        },
        {
            "file_path": "images/synthetic-grooms-long-44",
            "rotation": 0,
            "transform_matrix": [
                [
                    -0.7799473404884338,
                    -0.005816726479679346,
                    0.625818133354187,
                    7.5439863204956055
                ],
                [
                    0.0,
                    0.9999569058418274,
                    0.009294192306697369,
                    15.119827270507812
                ],
                [
                    -0.6258452534675598,
                    0.007248981390148401,
                    -0.779913604259491,
                    -8.905915260314941
                ],
                [
                    0.0,
                    0.0,
                    0.0,
                    1.0
                ]
            ]
        },
        {
            "file_path": "images/synthetic-grooms-long-45",
            "rotation": 0,
            "transform_matrix": [
                [
                    -0.8436102271080017,
                    -0.009263962507247925,
                    0.5368761420249939,
                    6.44564962387085
                ],
                [
                    0.0,
                    0.9998511672019958,
                    0.017252737656235695,
                    15.214712142944336
                ],
                [
                    -0.5369560122489929,
                    0.014554586261510849,
                    -0.84348464012146,
                    -9.62714672088623
                ],
                [
                    0.0,
                    0.0,
                    0.0,
                    1.0
                ]
            ]
        },
        {
            "file_path": "images/synthetic-grooms-long-46",
            "rotation": 0,
            "transform_matrix": [
                [
                    -0.8972440958023071,
                    -0.012057442218065262,
                    0.4413701891899109,
                    5.306947708129883
                ],
                [
                    -9.313224635931761e-10,
